DEMO_82_1
A [1351]
T [703]
Gap [1698 1699 1700 1701 1702 1703 1704 1705 1706 1707 1708 1709 1710 1711 1712 1713 1714 1715 1716 1717 1718 1719 1720 1721 1722]
APOBEC []
G->A mutation []

DEMO_56_1
T [703]
Gap [1267 1268 1269 1270 1271 1272 1273 1274 1275 1276 1277 1278 1279 1280 1281 1282 1283 1284 1285 1286 1287 1288 1289 1290 1291 1292 1293 1294 1295 1296 1297 1298 1299 1300 1301 1302 1303 1304 1305 1306 1307 1308 1309 1310 1311 1312 1313 1314 1315 1316 1317 1318 1319 1320 1321 1322 1323 1324 1325 1326 1327 1328 1329 1330 1331 1332 1333 1334 1335 1336 1337 1338 1339 1340 1341 1342 1343 1344 1345 1346 1347 1348 1349 1350 1352 1353 1354 1355 1356 1357 1358 1359 1360 1361 1362 1363 1364 1365 1366 1367 1368 1369 1370 1371 1372 1373 1374 1375 1376 1377 1378 1379 1380 1381 1382 1383 1384 1385 1386 1387 1388 1389 1390 1391 1392 1393 1394 1395 1396 1397 1398 1399 1400 1401 1402 1403 1404 1405 1406 1407 1408 1409 1410 1411 1412 1413 1414 1415 1416 1417 1418 1419 1420 1421 1422 1423 1424 1425 1426 1427 1428 1429 1430 1431 1432 1433 1434 1435 1436 1437 1438 1439 1440 1441 1442 1443 1444 1445 1446 1447 1448 1449 1450 1451 1452 1453 1454 1455 1456 1457 1458 1459 1460 1461 1462 1463 1464 1465 1466 1467 1468 1469 1470 1471 1472 1473 1474 1475 1476 1477 1478 1479 1480 1481 1482 1483 1484 1485 1486 1487 1488 1489 1490 1491 1492 1493 1494 1495 1496 1497 1498 1499 1500 1501 1502 1503 1504 1505 1506 1507 1508 1509 1510 1511 1512 1513 1514 1515 1516 1517 1518 1519 1520 1521 1522 1523 1524 1525 1526 1527 1528 1529 1530 1531 1532 1533 1534 1535 1536 1537 1538 1539 1540 1541 1542 1543 1544 1545 1546 1547 1548 1549 1550 1551 1552 1553 1554 1555 1556 1557 1558 1559 1560 1561 1562 1563 1564 1565 1566 1567 1568 1569 1570 1571 1572 1573 1574 1575 1576 1577 1578 1579 1580 1581 1582 1583 1584 1585 1586 1587 1588 1589 1590 1591 1592 1593 1594 1595 1596 1597 1598 1599 1600 1601 1602 1603 1604 1605 1606 1607 1608 1609 1610 1611 1612 1613 1614 1615 1616 1617 1618 1619 1620 1621 1622 1623 1624 1625 1626 1627 1628 1629 1630 1631 1632 1633 1634 1635 1636 1637 1638 1639 1640 1641 1642 1643 1644 1645 1646 1647 1648 1649 1650 1651 1652 1653 1654 1655 1656 1657 1658 1659 1660 1670 1671 1672 1673 1674 1675 1676 1677 1678 1694 1695 1696 1697 1698 1699 1700 1701 1702 1703 1704 1705 1706 1707 1708 1709 1710 1711 1712 1713 1714 1715 1716 1717 1718 1719 1720 1721 1722 1723 1724 1725 1726 1727 1728 1729 1730 1731 1732 1733 1734 1735 1736 1737 1738 1739 1740 1741 1742 1743 1744 1745 1746 1747 1748 1749 1750 1751 1752 1753]
APOBEC []
G->A mutation []

DEMO_1_28
T [703]
APOBEC []
G->A mutation []

DEMO_62_1
A [1601]
G [129]
T [703]
APOBEC []
G->A mutation []

DEMO_55_1
C [1329]
T [703]
APOBEC []
G->A mutation []

DEMO_25_1
A [115 127 623 1359 1418 2875 2937]
C [151 202 1472 1501 2772 2955]
G [121 237 1120 2292]
T [124 149 664 703 2863 2906 2920]
Gap [1350]
APOBEC [115 1359]
G->A mutation [127 623 1418 2875 2937]

DEMO_66_1
A [115 127]
C [151 202 382]
G [121 237 2846]
T [124 149 703]
APOBEC [115]
G->A mutation [127]

DEMO_80_1

DEMO_44_1
C [78]
T [703]
APOBEC []
G->A mutation []

DEMO_49_1
A [2780]
T [703]
APOBEC [2780]
G->A mutation []

DEMO_21_1
G [1047]
T [703]
APOBEC []
G->A mutation []

DEMO_48_1
A [2595]
T [703]
Gap [2338]
APOBEC []
G->A mutation []

DEMO_15_1
A [877 2148 2857 2875 2937]
C [2772 2925 2955]
G [1233 2977]
T [703 2863 2906 2920 2972]
APOBEC [877 2148 2857]
G->A mutation [2875 2937]

DEMO_69_1
A [536 2614 2875 2937]
C [1513 2772 2925 2955]
G [1233 2977]
T [703 2863 2906 2920 2972]
APOBEC [536 2614]
G->A mutation [2875 2937]

DEMO_12_2
A [611 2875 2937]
C [2772 2925 2955]
G [1233 2977]
T [703 2863 2906 2920 2972]
APOBEC []
G->A mutation [2875 2937]

DEMO_13_1
A [2875 2937]
C [1868 2772 2925 2955]
G [1233 1866 1867 2977]
T [703 1869 2863 2906 2920 2972]
APOBEC []
G->A mutation [2875 2937]

DEMO_11_2
A [2875 2937]
C [582 2772 2925 2955]
G [1233 2977]
T [703 2863 2906 2920 2972]
APOBEC []
G->A mutation [2875 2937]

DEMO_40_1
A [2875 2937]
C [1582 2772 2925 2955]
G [620 1233 2977]
T [703 2863 2906 2920 2972]
APOBEC []
G->A mutation [2875 2937]

DEMO_85_1
A [1738 2875 2937]
C [2772 2925 2955]
G [1233 2977]
T [703 2863 2906 2920 2972]
APOBEC [1738]
G->A mutation [2875 2937]

DEMO_2_16
A [2875 2937]
C [2772 2925 2955]
G [1233 2977]
T [703 2863 2906 2920 2972]
APOBEC []
G->A mutation [2875 2937]

DEMO_35_1
A [127 2730 2875 2937]
C [2772 2925 2955]
G [1233 1833 2977]
T [703 2863 2906 2920 2972]
APOBEC []
G->A mutation [127 2875 2937]

DEMO_36_1
A [127 1130 2875 2937]
C [2772 2925 2955]
G [1233 2977]
T [703 2863 2906 2920 2972]
APOBEC []
G->A mutation [127 2875 2937]

DEMO_87_1
A [1926 2875 2937]
C [2772 2925 2955]
G [1233 2977]
T [703 2863 2906 2920 2972]
APOBEC []
G->A mutation [1926 2875 2937]

DEMO_64_1
A [1221 2875 2931 2937]
C [2772 2925 2955]
G [1233 2977]
T [703 2863 2906 2920 2972]
Gap [543 544 545 546 547 548 549 550 551 552 553 554 555 556 557 558 559 560 561 562 563 564 565]
APOBEC [1221 2931]
G->A mutation [2875 2937]

DEMO_57_1
A [123 723 758 850 851 853 854 857 858 873 879 1030 1053 1359 2875 2937 2967]
C [852 886 1472 1506 2512 2772 2925 2955]
G [856 1120 1382 2977]
T [703 855 2863 2906 2920 2972]
APOBEC [123 758 1030 1359]
G->A mutation [879 1053 2875 2937 2967]

DEMO_73_1
A [123 509 681 682 694 720 723 990 1053 1679 1680 1685 1686 1688 1689 1691 1989 2771 2875 2937]
C [111 331 679 1506 1682 1683 1692 1992 2772 2925 2955]
G [1065 1120 1233 1681 2977]
T [664 683 703 749 1672 1684 1687 1690 1693 2863 2906 2920 2972]
Gap [411 412 726 727 728]
APOBEC [123]
G->A mutation [990 1053 1989 2771 2875 2937]

DEMO_16_1
A [509 681 682 720 723 804 810 854 857 858 859 869 879 2300 2875 2937]
C [842 872 886 2772 2925 2955]
G [514 678 679 793 800 801 853 856 863 1233 2977]
T [664 683 703 749 855 866 871 2863 2906 2920 2972]
Gap [726 727 728]
APOBEC [804]
G->A mutation [810 859 879 2875 2937]

DEMO_77_1
A [509 681 682 720 723 804 810 854 857 858 859 869 879 1053 1147 2395]
C [202 842 872 886 1146 2772]
G [237 514 678 679 793 800 801 853 856 863 1120 1145 1151 2292 2339]
T [664 683 703 749 855 866 871]
Gap [726 727 728]
APOBEC [804 1147 2395]
G->A mutation [810 859 879 1053]

DEMO_17_1
A [115 127 337 509 681 682 720 723 804 810 854 857 858 859 869 879 1053 1147 2395]
C [151 202 842 872 886 1146]
G [121 237 514 678 679 793 800 801 853 856 863 1120 1145 1151 2339]
T [124 149 664 683 703 749 855 866 871]
Gap [726 727 728]
APOBEC [115 804 1147 2395]
G->A mutation [127 337 810 859 879 1053]

DEMO_52_1
A [719 1053 1147 1359 1418 1646 1663 1667 1668 1710 1725 1733]
C [1146 1472 1501 1655 1702 1704 1705 1717 1857]
G [1120 1145 1151 1661 1662 1664 1665 1666 1669 1675 1780 1859]
T [703 1660 1672 1713]
Gap [1697 1698 1699]
APOBEC [1147 1359 1725 1733]
G->A mutation [719 1053 1418]

DEMO_58_1
A [1053 1147 1359 1418 1646 1663 1667 1668 1710 1725 1733 2395 2832]
C [1146 1472 1501 1655 1702 1704 1705 1717 1857]
G [1120 1145 1151 1661 1662 1664 1665 1666 1669 1675 1780 1859 2292 2339]
T [703 1660 1672 1713]
Gap [1697 1698 1699]
APOBEC [1147 1359 1725 1733 2395 2832]
G->A mutation [1053 1418]

DEMO_10_2
A [115 127 509 1147 1359 1646 1663 1667 1668 1710 1725 1733 1989]
C [151 202 886 1146 1472 1501 1655 1702 1704 1705 1717 1857 1992 2772]
G [121 237 514 1145 1151 1661 1662 1664 1665 1666 1669 1675 1780 1859]
T [124 149 703 1660 1672 1713]
Gap [1697 1698 1699]
APOBEC [115 1147 1359 1725 1733]
G->A mutation [127 1989]

DEMO_4_3
A [1053 1147 1359 1418 1646 1663 1667 1668 1710 1725 1733 1989 2395 2875 2937 3068 3091]
C [886 1146 1472 1501 1655 1702 1704 1705 1717 1857 1992 2772 2955]
G [1120 1145 1151 1661 1662 1664 1665 1666 1669 1675 1780 1859 2292 2339 2977]
T [703 1660 1672 1713 2863 2906 2920 2972]
Gap [1225 1697 1698 1699]
APOBEC [1147 1359 1725 1733 2395]
G->A mutation [1053 1418 1989 2875 2937 3068 3091]

DEMO_65_1
A [681 682 720 723 804 810 854 857 858 859 869 879 1053 1147 1359 1418 1646 1663 1667 1668 1710 1725 1733 1898 2395]
C [842 872 886 1146 1472 1501 1655 1702 1704 1705 1717 1857]
G [678 679 793 800 801 853 856 863 1120 1145 1151 1661 1662 1664 1665 1666 1669 1675 1780 1859 2339]
T [664 683 703 749 855 866 871 1660 1672 1713]
Gap [726 727 728 1697 1698 1699]
APOBEC [804 1147 1359 1725 1733 1898 2395]
G->A mutation [810 859 879 1053 1418]

DEMO_6_2
A [509 681 682 720 723 804 810 854 857 858 859 869 879 1053 1147 1646 1663 1667 1668 1710 1725 1733 1989 2395 2875 2937]
C [842 872 886 1146 1472 1501 1655 1702 1704 1705 1717 1857 1992 2772]
G [514 678 679 793 800 801 853 856 863 1120 1145 1151 1661 1662 1664 1665 1666 1669 1675 1780 1859 2292 2339]
T [664 683 703 749 855 866 871 1660 1672 1713 2863 2906 2920]
Gap [726 727 728 1350 1697 1698 1699]
APOBEC [804 1147 1725 1733 2395]
G->A mutation [810 859 879 1053 1989 2875 2937]

DEMO_43_1
A [509 681 682 720 723 804 810 854 857 858 859 869 879 1053 1147 1359 1418 1646 1663 1667 1668 1710 1725 1733 1989 2395 2875]
C [842 872 886 1146 1472 1501 1655 1702 1704 1705 1717 1857 1992 2772]
G [514 678 679 793 800 801 853 856 863 1120 1145 1151 1661 1662 1664 1665 1666 1669 1675 1780 1859 2292 2339]
T [664 683 703 749 855 866 871 1660 1672 1713 2863 3076]
Gap [726 727 728 1697 1698 1699]
APOBEC [804 1147 1359 1725 1733 2395]
G->A mutation [810 859 879 1053 1418 1989 2875]

DEMO_67_1
A [115 127 509 681 682 720 723 804 810 854 857 858 859 869 879 1344 1359 1418 1646 1663 1667 1668 1710 1725 1733 2253 2395]
C [151 202 842 872 886 1472 1501 1655 1702 1704 1705 1717]
G [121 237 514 678 679 793 800 801 853 856 863 1039 1661 1662 1664 1665 1666 1669 1675 1780 2292 2339]
T [124 149 664 683 703 749 855 866 871 1660 1672 1713]
Gap [726 727 728 1697 1698 1699]
APOBEC [115 804 1344 1359 1725 1733 2395]
G->A mutation [127 810 859 879 1418 2253]

DEMO_23_1
A [115 127 509 681 682 720 723 804 810 854 857 858 859 869 879 1053 1147 1359 1418 1646 1663 1667 1668 1710 1725 1733]
C [151 202 741 842 872 886 1146 1472 1501 1655 1702 1704 1705 1717 1857]
G [121 237 514 678 679 793 800 801 853 856 863 1120 1145 1151 1661 1662 1664 1665 1666 1669 1675 1780 1859 2292]
T [124 149 664 683 703 749 855 866 871 1660 1672 1713]
Gap [726 727 728 1697 1698 1699]
APOBEC [115 804 1147 1359 1725 1733]
G->A mutation [127 810 859 879 1053 1418]

DEMO_29_1
A [115 127 509 681 682 720 723 804 810 854 857 858 859 869 879 1053 1147 1344 1359 1418 1646 1663 1667 1668 1710 1725 1733 1989 2395]
C [151 202 842 872 886 1146 1472 1501 1655 1702 1704 1705 1717 1857 1992]
G [121 237 514 678 679 793 800 801 853 856 863 1120 1145 1151 1661 1662 1664 1665 1666 1669 1675 1780 1859 2292 2339]
T [124 149 664 683 703 749 855 866 871 1660 1672 1713]
Gap [726 727 728 1697 1698 1699]
APOBEC [115 804 1147 1344 1359 1725 1733 2395]
G->A mutation [127 810 859 879 1053 1418 1989]

DEMO_37_1
A [115 127 337 509 681 682 720 723 804 810 854 857 858 859 869 879 1053 1147 1359 1418 1646 1663 1667 1668 1710 1725 1733 1989 2395 2875 2937 3068 3091]
C [151 202 842 872 886 1146 1472 1501 1655 1702 1704 1705 1717 1857 1992 2772 2955]
G [121 237 514 678 679 793 800 801 853 856 863 1120 1145 1151 1661 1662 1664 1665 1666 1669 1675 1780 1859 2292 2339 2977]
T [124 149 664 683 703 749 855 866 871 1660 1672 1713 2863 2906 2920 2972 3066]
Gap [726 727 728 1697 1698 1699]
APOBEC [115 804 1147 1359 1725 1733 2395]
G->A mutation [127 337 810 859 879 1053 1418 1989 2875 2937 3068 3091]

DEMO_32_1
A [115 127 509 681 682 720 723 804 810 854 857 858 859 869 879 1053 1147 1359 1418 1646 1663 1667 1668 1710 1725 1733 1989 2144 2395 2875 2937 3068 3091]
C [151 202 842 872 886 1146 1472 1501 1655 1702 1704 1705 1717 1857 1992 2772 2955]
G [121 237 514 678 679 793 800 801 853 856 863 1120 1145 1151 1661 1662 1664 1665 1666 1669 1675 1780 1859 2292 2339 2977]
T [124 149 664 683 703 749 855 866 871 1660 1672 1713 2863 2906 2920 2972]
Gap [726 727 728 1170 1171 1172 1173 1174 1175 1176 1177 1178 1179 1180 1181 1182 1183 1184 1185 1186 1187 1188 1189 1190 1191 1192 1193 1194 1195 1196 1197 1198 1199 1200 1201 1202 1203 1204 1205 1206 1697 1698 1699]
APOBEC [115 804 1147 1359 1725 1733 2395]
G->A mutation [127 810 859 879 1053 1418 1989 2875 2937 3068 3091]

DEMO_51_1
A [115 127 509 681 682 720 723 804 810 854 857 858 859 869 879 1053 1147 1359 1418 1646 1663 1667 1668 1710 1725 1733 1989 2395 2875 2937 3068 3091]
C [151 202 790 842 872 886 1146 1472 1501 1655 1702 1704 1705 1717 1857 1992 2772 2955]
G [121 237 514 678 679 793 800 801 853 856 863 1120 1145 1151 1661 1662 1664 1665 1666 1669 1675 1780 1859 2292 2339 2977]
T [124 149 664 683 703 749 791 855 866 871 1660 1672 1713 2863 2906 2920 2972 3072]
Gap [726 727 728 1697 1698 1699]
APOBEC [115 804 1147 1359 1725 1733 2395]
G->A mutation [127 810 859 879 1053 1418 1989 2875 2937 3068 3091]

DEMO_14_1
A [115 127 307 509 681 682 720 723 804 810 854 857 858 859 869 879 1053 1147 1359 1418 1646 1663 1667 1668 1710 1725 1733 1989 2395 2875 2937 3068 3091]
C [151 202 842 872 886 1146 1472 1501 1655 1702 1704 1705 1717 1857 1992 2772 2955]
G [121 237 514 678 679 756 793 800 801 853 856 863 1120 1145 1151 1661 1662 1664 1665 1666 1669 1675 1780 1859 2292 2339 2977]
T [124 149 664 683 703 749 855 866 871 1660 1672 1713 2863 2906 2920 2972]
Gap [726 727 728 1697 1698 1699]
APOBEC [115 804 1147 1359 1725 1733 2395]
G->A mutation [127 307 810 859 879 1053 1418 1989 2875 2937 3068 3091]

DEMO_8_2
A [115 127 509 681 682 720 723 804 810 854 857 858 859 869 879 1053 1147 1359 1418 1646 1663 1667 1668 1710 1725 1733 1989 2395 2875 2937 3068 3091]
C [151 202 842 872 886 1146 1472 1501 1655 1702 1704 1705 1717 1857 1992 2772 2955]
G [121 135 237 514 678 679 793 800 801 853 856 863 1120 1145 1151 1661 1662 1664 1665 1666 1669 1675 1780 1859 2292 2339 2977]
T [124 149 664 683 703 749 855 866 871 1660 1672 1713 2863 2906 2920 2972]
Gap [726 727 728 1697 1698 1699]
APOBEC [115 804 1147 1359 1725 1733 2395]
G->A mutation [127 810 859 879 1053 1418 1989 2875 2937 3068 3091]

DEMO_78_1
A [115 127 509 681 682 720 723 804 810 854 857 858 859 869 879 1053 1147 1359 1418 1646 1663 1667 1668 1710 1725 1733 1989 2395 2490 2875 2937 3068 3091]
C [151 202 842 872 886 1146 1472 1501 1655 1702 1704 1705 1717 1857 1992 2772 2955]
G [121 237 514 678 679 793 800 801 853 856 863 1120 1145 1151 1661 1662 1664 1665 1666 1669 1675 1780 1859 2292 2339 2977]
T [124 149 664 683 703 749 855 866 871 1660 1672 1713 2863 2906 2920 2972 3078]
Gap [726 727 728 1697 1698 1699]
APOBEC [115 804 1147 1359 1725 1733 2395]
G->A mutation [127 810 859 879 1053 1418 1989 2875 2937 3068 3091]

DEMO_84_1
A [115 127 509 681 682 720 723 804 810 854 857 858 859 869 879 1053 1147 1359 1418 1646 1663 1667 1668 1710 1725 1733 1989 2395 2875 2937 3068 3091]
C [151 202 533 842 872 886 1146 1472 1501 1655 1702 1704 1705 1717 1857 1992 2772 2955]
G [121 237 514 678 679 793 800 801 853 856 863 1120 1145 1151 1661 1662 1664 1665 1666 1669 1675 1780 1859 2292 2339 2977]
T [124 149 664 683 703 749 855 866 871 1660 1672 1713 2863 2906 2920 2972]
Gap [726 727 728 1697 1698 1699]
APOBEC [115 804 1147 1359 1725 1733 2395]
G->A mutation [127 810 859 879 1053 1418 1989 2875 2937 3068 3091]

DEMO_26_1
A [115 127 509 681 682 720 723 804 810 854 857 858 859 869 879 1053 1147 1359 1418 1646 1663 1667 1668 1696 1710 1725 1733 1989 2395 2875 2937 3068 3091]
C [151 202 842 872 886 1146 1472 1501 1655 1702 1704 1705 1717 1857 1992 2772 2955]
G [121 237 514 678 679 793 800 801 853 856 863 1120 1145 1151 1661 1662 1664 1665 1666 1669 1675 1780 1859 2292 2339 2977]
T [124 149 664 683 703 749 855 866 871 1660 1672 1713 2863 2906 2920 2972]
Gap [726 727 728 1697 1698 1699]
APOBEC [115 804 1147 1359 1725 1733 2395]
G->A mutation [127 810 859 879 1053 1418 1696 1989 2875 2937 3068 3091]

DEMO_61_1
A [115 127 451 509 681 682 720 723 804 810 854 857 858 859 869 879 1053 1147 1359 1418 1646 1663 1667 1668 1710 1725 1733 1989 2395 2875 2937 3068 3091]
C [151 202 842 872 886 1146 1472 1501 1655 1702 1704 1705 1717 1857 1992 2772 2955]
G [121 237 514 678 679 793 800 801 853 856 863 1120 1145 1151 1661 1662 1664 1665 1666 1669 1675 1780 1859 2292 2339 2977]
T [124 149 664 683 703 749 855 866 871 1660 1672 1713 2863 2906 2920 2972]
Gap [726 727 728 1697 1698 1699]
APOBEC [115 451 804 1147 1359 1725 1733 2395]
G->A mutation [127 810 859 879 1053 1418 1989 2875 2937 3068 3091]

DEMO_72_1
A [115 127 509 681 682 720 723 804 810 854 857 858 859 869 879 1053 1147 1359 1418 1646 1663 1667 1668 1710 1725 1733 1989 2395 2875 2937 3068 3077 3091]
C [151 202 842 872 886 1146 1472 1501 1655 1702 1704 1705 1717 1857 1992 2772 2955]
G [121 237 514 678 679 793 800 801 853 856 863 1120 1145 1151 1661 1662 1664 1665 1666 1669 1675 1780 1859 2292 2339 2977]
T [124 149 664 683 703 749 855 866 871 1660 1672 1713 2863 2906 2920 2972]
Gap [726 727 728 1697 1698 1699]
APOBEC [115 804 1147 1359 1725 1733 2395]
G->A mutation [127 810 859 879 1053 1418 1989 2875 2937 3068 3091]

DEMO_86_1
A [115 127 509 681 682 720 723 804 810 854 857 858 859 869 879 1053 1147 1359 1418 1646 1663 1667 1668 1710 1725 1733 1989 2395 2875 2937 3068 3091]
C [151 202 842 872 886 1146 1472 1501 1655 1702 1704 1705 1717 1857 1992 2772 2955]
G [121 237 514 678 679 793 800 801 853 856 863 1120 1145 1151 1661 1662 1664 1665 1666 1669 1675 1780 1859 2292 2339 2977]
T [124 149 664 683 703 749 855 866 871 1660 1672 1713 2863 2906 2920 2972 3069]
Gap [726 727 728 1697 1698 1699]
APOBEC [115 804 1147 1359 1725 1733 2395]
G->A mutation [127 810 859 879 1053 1418 1989 2875 2937 3068 3091]

DEMO_76_1
A [115 127 509 681 682 720 723 804 810 854 857 858 859 869 879 1053 1147 1359 1418 1646 1663 1667 1668 1710 1725 1733 1989 2395 2875 2937 3068 3091]
C [151 202 842 872 886 1146 1472 1501 1655 1702 1704 1705 1717 1857 1992 2772 2955 3071]
G [121 237 514 678 679 793 800 801 853 856 863 1120 1145 1151 1661 1662 1664 1665 1666 1669 1675 1780 1859 2292 2339 2977]
T [124 149 664 683 703 749 855 866 871 1660 1672 1713 2863 2906 2920 2972]
Gap [726 727 728 1697 1698 1699]
APOBEC [115 804 1147 1359 1725 1733 2395]
G->A mutation [127 810 859 879 1053 1418 1989 2875 2937 3068 3091]

DEMO_38_1
A [115 127 509 681 682 720 723 804 810 854 857 858 859 869 879 1053 1147 1307 1312 1317 1322 1343 1359 1418 1646 1663 1667 1668 1710 1725 1733 1989 2395 2803 2875 2937 3068 3091]
C [151 202 842 872 886 1146 1301 1392 1472 1501 1655 1702 1704 1705 1717 1992 2772 2955]
G [121 237 514 678 679 793 800 801 853 856 863 1120 1145 1151 1233 1300 1309 1336 1423 1661 1662 1664 1665 1666 1669 1675 2292 2339 2977]
T [124 149 664 683 703 749 855 866 871 1422 1660 1672 1713 2863 2906 2920 2972]
Gap [726 727 728 1697 1698 1699]
APOBEC [115 804 1147 1312 1343 1359 1725 1733 2395]
G->A mutation [127 810 859 879 1053 1307 1322 1418 1989 2875 2937 3068 3091]

DEMO_18_1
A [48 509 655 661 674 681 682 683 689 719 731 850 851 852 854 857 858 859 879 1053 1147 1307 1312 1317 1322 1343 1359 1418 1469 1497 1615 1646 1663 1667 1668 1710 1725 1733 1989 2253 2753 2875 2937 2967 3003 3075 3091]
C [667 670 675 692 693 706 748 842 872 882 1146 1301 1392 1472 1506 1655 1702 1705 1717 2772]
G [126 653 677 679 696 754 800 853 856 869 1120 1145 1151 1233 1300 1309 1336 1423 1521 1661 1662 1664 1665 1666 1669 1675 2025 2750 2977]
T [124 202 664 676 685 686 749 855 871 1422 1517 1522 1660 1672 1713 2287 2863 2906 2920 2971]
Gap [699 700 701 702 703 704 705 712 713 714 720 721 722 723 724 725 726 727 728 1481 1482 1483 1484 1485 1486 1487 1488 1489 1490 1491 1492 1502 1503 1504 1508 1509 1510 1697 1698 1699]
APOBEC [48 731 1147 1312 1343 1359 1725 1733]
G->A mutation [719 859 879 1053 1307 1322 1418 1497 1989 2253 2753 2875 2937 2967 3075 3091]

DEMO_5_2
A [50 115 127 509 655 661 674 681 682 683 689 719 731 850 851 852 854 857 858 859 879 1053 1147 1307 1312 1317 1322 1343 1359 1418 1469 1497 1615 1646 1663 1667 1668 1710 1725 1733 1989 2253 2753 2875 2937 2967 3003 3075 3091]
C [151 202 667 670 675 692 693 706 748 842 872 882 1146 1301 1392 1472 1506 1655 1702 1704 1705 1717 1857 2772]
G [121 237 653 677 679 696 754 800 853 856 869 1120 1145 1151 1233 1300 1309 1336 1423 1521 1661 1662 1664 1665 1666 1669 1675 1780 1859 2750 2977]
T [124 149 664 676 685 686 749 855 871 1422 1517 1522 1660 1672 1713 2287 2863 2906 2920 2971]
Gap [699 700 701 702 703 704 705 712 713 714 720 721 722 723 724 725 726 727 728 1481 1482 1483 1484 1485 1486 1487 1488 1489 1490 1491 1492 1502 1503 1504 1508 1509 1510 1697 1698 1699]
APOBEC [50 115 731 1147 1312 1343 1359 1725 1733]
G->A mutation [127 719 859 879 1053 1307 1322 1418 1497 1989 2253 2753 2875 2937 2967 3075 3091]

DEMO_45_1
A [115 509 655 661 662 674 681 682 683 689 719 731 850 851 852 854 857 858 859 879 1053 1147 1307 1312 1317 1322 1343 1359 1418 1469 1497 1646 1663 1667 1668 1710 1725 1733 1989 2753 2875 2937 2967 3003 3065 3068]
C [151 667 670 675 692 693 706 748 842 872 882 1146 1301 1392 1472 1506 1655 1702 1705 1717 1992 2772]
G [108 121 237 653 663 677 679 696 710 754 800 853 856 869 1120 1145 1151 1233 1300 1309 1336 1423 1521 1661 1662 1664 1665 1666 1669 1675 2025 2977]
T [86 124 202 664 676 685 686 749 855 871 1422 1517 1522 1660 1672 1713 2287 2863 2906 2920 2971]
Gap [699 700 701 702 703 704 705 712 713 714 720 721 722 723 724 725 726 727 728 1481 1482 1483 1484 1485 1486 1487 1488 1489 1490 1491 1492 1502 1503 1504 1508 1509 1510 1697 1698 1699]
APOBEC [115 662 731 1147 1312 1343 1359 1725 1733]
G->A mutation [719 859 879 1053 1307 1322 1418 1497 1989 2753 2875 2937 2967 3065 3068]

